5 32
7 3888
8 1
1 49762
10 32
11 1889568
12 2002
13 60000
9 43306914
15 243
2 3268760
17 243
18 162
16 6838688
20 342
21 16
22 1080
19 19658594
24 162
25 162
26 32
27 162
28 512
29 24075
30 3888
31 512
32 32
33 1
34 1024
23 9239057
36 7776
37 1024
38 9604
39 412144
40 1
41 32
42 512
43 162
44 32
45 1
46 39366
47 1875
6 93618960
49 7776
50 1250
51 32
52 32
48 1614074
54 768
55 60000
56 32
57 1962279
35 32345565
59 260732
60 15160
61 16384
58 3610848
63 27064
64 81
65 768
66 243
67 3823000
68 16
69 633371
70 1
4 7822159
72 2388
73 42037198
74 60000
75 512
76 512
77 720005
53 29513277
79 32
80 789338
81 16
82 38844
83 171366
84 32
85 1
86 6423860
87 1875
88 81
89 32
90 243
91 7776
92 32
93 248832
94 1
95 13645
96 23279991
97 3531
98 16
99 1
100 11139
101 10667
102 1250
103 162
104 625
78 421827402
106 655360
107 9604
108 250
105 134812868
110 19683
111 243
112 1
113 377584
114 32768
115 1600000
116 5184
117 1
118 243
119 405000
120 1
121 1024
122 512
123 8187
124 154289
125 1
126 413712
127 16
109 16620742
129 1
130 12005
131 233289672
132 1305
133 162
134 752172
135 1587688
136 32
137 32768
138 243
3 1604643275
140 10107
141 92277
142 14190
143 256
14 890519140
145 768
146 1
147 589824
148 512
149 7642
144 17668660
151 1
150 197037015
153 12048
154 162
152 207183443
156 16
157 197207
158 3564
159 14406
160 101876
161 5184
162 317098
163 32
164 1
165 1
166 144989
167 1518214
168 886601
169 524288
170 140827749
171 1818099
172 452659840
173 60000
174 32
175 54276
176 535809
177 162
178 16
179 7203
180 24576
181 1
182 32
183 243
184 16
185 1047848
186 887072
187 104544
188 21504189
71 487265850
190 243
191 15992281
192 114288
193 32
194 32
195 98644
196 1
197 28045303
198 768
199 2868
200 29039776
201 2595
202 1024
203 16
204 32
205 32
206 32
207 243
208 3904
209 1
210 1
211 15600
212 2811072
213 33554432
214 243
215 143026044
216 18768
217 899817
218 1296
219 124416
220 70142910
221 243
222 162
223 62150
224 2848
225 243
226 217485
227 1
228 1024050
229 162
230 298771
231 5531904
232 438548
233 1250
62 1823921257
235 1
236 257047
237 923424
238 1102
239 162
240 7776
241 1437724
242 162
243 512
244 16925307
245 40000
246 543681
247 32
248 3888
249 465760
128 32768
189 32
251 1
252 7776
254 124416
234 224766
256 1163889
258 36438
259 3751210
